     1     2
     1    11
     1    20
     1    27
     2     3
     2    12
     2    20
     2    24
     3     4
     3    12
     3    15
     3    24
     4     5
     4    12
     4    15
     4    16
     4    18
     5     6
     5    15
     5    16
     5    18
     5    22
     6     7
     6    16
     6    17
     6    18
     6    19
     6    22
     7     8
     7    13
     7    17
     7    19
     7    22
     8     9
     8    13
     8    17
     8    19
     8    21
     8    23
     8    25
     9    10
     9    13
     9    21
     9    23
     9    25
     9    26
    10    11
    10    25
    10    26
    10    27
    11    26
    11    27
    12    14
    12    15
    12    16
    12    18
    12    20
    12    24
    13    17
    13    19
    13    21
    13    23
    13    25
    13    26
    14    15
    14    16
    14    17
    14    19
    14    20
    14    21
    14    22
    14    24
    14    26
    14    27
    15    16
    15    18
    15    19
    15    22
    15    24
    16    18
    16    19
    16    22
    17    19
    17    21
    17    22
    17    23
    17    25
    18    22
    19    21
    19    22
    20    24
    20    27
    21    23
    21    25
    21    26
    23    25
    23    26
    24    27
    25    26
    26    27