     1     2
     1    11
     1    15
     1    16
     1    18
     1    26
     2     3
     2    16
     2    18
     2    22
     2    26
     3     4
     3    16
     3    19
     3    21
     3    22
     4     5
     4    17
     4    19
     4    21
     4    22
     4    25
     5     6
     5     7
     5    13
     5    14
     5    17
     5    19
     5    21
     5    25
     6     7
     6    13
     6    14
     6    17
     6    19
     6    25
     7     8
     7    13
     7    14
     7    17
     7    20
     7    23
     7    25
     8     9
     8    13
     8    14
     8    20
     8    23
     8    24
     9    10
     9    12
     9    20
     9    23
     9    24
    10    11
    10    12
    10    15
    10    18
    10    24
    11    12
    11    15
    11    18
    11    26
    12    15
    12    18
    12    20
    12    23
    12    24
    13    14
    13    17
    13    19
    13    20
    13    23
    13    24
    13    25
    14    17
    14    19
    14    20
    14    21
    14    23
    14    24
    14    25
    15    18
    15    24
    15    26
    16    18
    16    22
    16    26
    17    19
    17    20
    17    21
    17    25
    18    26
    19    21
    19    22
    19    25
    20    23
    20    24
    20    25
    21    22
    21    25
    22    25
    22    26
    23    24