0.47182
0
0
0
0
-0.22971
0.22971
0.0062005
0
0
0
0
-0.23591
0
0.47182
0.22971
0
0
0.6576
0
-0.77029
0
0
0
0
-0.11269
0
0
0
0
0
0.38515
-0.08601
0
0
0.38515
0
0
0
0.76409
0
0.76409
0
0
0
-0.0062005
0
0
-0.11269
0
-0.77029
0
-0.08601
0
0
0
-0.13996
0
0
0
0
-0.08601
0
0
0
0
0
0
0
0
0
-0.08601
0
0.13996
0
0
0
0
0
0
-0.38515
0
0
0
0
0
0
0
0
-0.08601
0
0
-0.15314
0.15314
0
0.68132
0
0
0.076569
0
0
0
0
0
0
0
0
0
0
0
0
-0.68132
0.45162
0
0
0
0.24892
0
-0.24892
0
0
0
0
0
0.22597
0
0
0
0
0
0
0.089746
0
0
0.13623
0
0
0.22597
0
0
0
0
0
0
0
0
0
0
0
0
0
0
0.29563
0
0
-0.29563
0
0
0
0.29956
0
0
0
1.4284e-16
0
0
0
0
0
0
0
0
0
0
-0.31305
0.31305
0
0
0.31305
0
0
0
0.21532
0
0
0
0
0
0.0039297
-0.30912
0
0
0
0
0
0
-0.0929
0
0
0
0
0
0
0
0
0.022949
0
0
0
-0.29756
0
0
0
0
0
0
0
0
0
0
0
0
0
0
0
-0.52511
0
0
0
0
0
0
0
0.10954
0
0
0
0
0
0
0.0929
0
-0.52818
1
0.52818
0
0.47182
0
0
0.60475
0
0
0
0
0
0.60475
0
0.60475
0
0
0.28608
0
0
0
0
0.41714
0
0
0
0
0
0
0.67739
0
0
0
0
0
0.47647
0
0
0
0
0
0
0
0
0.47647
0
0
0.47647
0
0
0
0
0
0.47647
0
0
0
0
0
0.67739
0
0.49656
0
0
0
0.093718
0
0
0.093718
0
0
0
0.093718
0
0
0
0
0
-3.0459e-17
0
0.10524
0
0
0
0
0
0
0
6.9546e-17
0
0
0
0
0.084248
0
0
0
0
0
0
0
0
0
0
-0.21908
-0.21155
0
0.20183
0
0
0
-0.21532
0
0
0
-0.41714
0
0.20183
0
0
0
0
0.24892
0.3013
0
0
0
0
0
0
0
0
0
-0.38731
0
0
0
0
-0.29956
0
0
0
0
0
0
0.19896
0
0
0.18084
0
-0.47647
-0.093718
0
0
0
0
0
0.19896
0
0
0
0
0.10524
0
0
0
0
0
0
0
0
-0.37979
0
0
0
0
0
0
0
0
0
0
0
0
0
0
0
-0.18744
-0.30912
0
0
0
0
0
0
0
0
0.15314
0
0.39372
0
0
0
0
0
0.093718
0
0
-6.853e-17
0
0
0.11409
0
-2.4109e-16
0
0
0
0
0
0
0
0
0
0
0
0.54686
0
0
-0.30912
0
0
-0.28608
0
0
0.28608
0
0.013487
0
0
0.21622
0
0
0
0
0
0
0.22971
0
0
0
0.013487
0
0
0.076569
0
0
0
0
0
0
0
0.24211
0.076569
-0.24211
0
0
0
0
0
0
0
0
0
0
0
0
0
0
-0.17891
0
0
-0.089746
0
0
0
0.0929
0
0
-0.17891
0
0
0.089746
0
0
0
0
0.29756
0
0
0
0
0
0
-0.17891
0
0.10954
0
-0.10954
0
0
0
0
0
0
0
0
0
0
0
0
0
0.60475
0
0
-0.31868
0.31868
-0.18744
0
0
0
0
0
0
0
0.79219
0
0.22818
-0.076569
0
0
0
0
0
0
0
0
0
0
0
0.15314
-0.18744
0
0
0.41409
0
0.52818
0.23591
-0.23591
0
0
0
0
0
0
0
0
0
0
0.35846
0
-0.38515
0
0
0
-0.23591
0
0
0
0.10954
0
0
0
0
0
0
0
-0.026685
0
0.026685
0
0
0
0
0
0
0.25639
0.35846
0
0.026685
0
0
0
0
0
0
0
0
0
0
0
0
0
0
0
-0.23823
0
0
0
0.27461
0
0
0
-0.75108
0
0.23823
-0.059325
0
0
0
0
0
0.24892
0
0
0
0
0
0
0
0
0
0
0
0
0
0
0
0
0
0
-0.76177
0
0.20183
0
0
0
0
-0.20183
0
0
0
0
0
0.23823
0
0
0
0
0
0
0
0
0
0
0.21048
0
0
0
0
0
0
0.21048
0
0
0.10524
-0.21048
0.20183
0
0
0
0
0
0
0
0.52353
0
0
0
-0.58171
0
0
0
0
-0.10524
0
0
0
-0.11409
0
0
0
0
0
0
0
0
0
0
0
0
0
0
0
0
0
0.093718
0
-0.22818
0
0
0.79219
0
0
0
0
0
0
0
0
-0.11409
0
0.15314
-0.15314
0
0
0
0
0
0
0
-0.60628
0
0
-0.45314
0
-0.47182
0
0
0
0
0
0
0
-0.68132
0
0
0
0
0
0
1.9448e-16
0
0
